13
74 82 78 59 28 59 90 49 97 34 9 9 9 
5 6
74 82 78 59 28 59 
90 49 97 34 35 51 
66 51 97 12 86 98 
70 37 82 85 98 12 
72 56 93 71 58 17 
30
51 66 51 97 12 86 98 
37 82 85 98 12 72 56 93 71 58 17 
50 36 97 67 77 12 
40 95 54 73 20 34 90 80 
50 23 29 46 73 65 53 27 
83 75 86 70 65 29 89 89 17 84 25 67 83 
98 52 68 74 82 18 74 
21 90 26 52 58 38 69 51 84 82 80 78 
36 56 69 39 35 83 29 26 16 65 71 66 92 29 
15 90 70 18 23 19 64 94 53 23 70 60 30 65 
42 85 15 35 72 99 
98 44 56 34 55 57 15 34 54 85 64 19 76 45 
21 72 64 83 70 60 25 26 64 32 98 60 15 33 
60 67 55 96 16 55 23 82 67 61 59 69 98 
15 51 52 29 16 30 23 49 
11 44 82 28 91 12 55 95 98 
68 34 96 62 78 
47 96 88 96 32 21 89 25 
58 79 55 41 98 12 71 20 27 54 61 33 37 
79 21 64 59 68 40 12 
88 73 89 67 32 
52 27 88 53 66 38 42 
98 64 10 97 95 23 78 
26 15 19 75 19 
67 60 31 84 86 49 90 81 50 40 79 47 67 
64 17 65 98 87 58 22 10 59 69 43 87 38 80 
83 58 56 24 66 59 38 32 81 50 
40 27 23 68 28 57 55 78 52 19 49 20 86 60 
67 11 60 50 98 20 20 35 66 81 32 33 
49 36 84 83 57 
